500
8579
664455
236384
456556
645771
44064
592826
440100
25536
672563
169538
550961
188691
548421
498827
101219
413613
67499
517731
652245
287356
37769
43910
378587
382447
494379
588653
463560
275382
281438
179043
10841
651052
237708
219224
196066
72593
367443
302511
642258
332880
124001
304754
18117
407103
480431
532869
413542
194469
459734
40792
31551
588598
442386
149494
641087
498393
277553
569562
136390
508298
90328
498497
20592
287356
465427
390202
525083
24438
384055
119066
204343
636286
279702
691853
294954
479348
627165
433382
564733
25141
86253
263160
243206
613248
135445
140285
131954
52372
514632
296467
8239
635736
689408
145479
427155
373077
596047
595209
56717
565566
408926
479583
234502
203440
607396
668534
627475
90292
182980
178898
506842
598209
691108
610183
465471
527902
189957
151936
1354
498053
563684
112285
648758
286307
45868
263994
319480
392220
102293
622473
91114
266380
661725
477570
110451
74600
521729
609649
208821
94851
25337
382573
206067
39789
104046
97417
322557
95317
644536
544580
51641
10831
678680
225915
211120
368048
295214
289373
534962
59862
327896
290911
81223
299333
351176
476070
646579
22092
486945
49858
147908
332390
664686
80443
535675
556573
105439
334499
342133
647144
248608
22250
254997
133013
24696
515313
188272
386498
187771
40438
651605
363493
415308
337678
559319
656652
219987
617905
159512
167583
14327
671758
106931
283937
199448
83071
30214
123285
377707
202904
162747
663868
686227
583865
162449
11229
65688
623555
327212
321790
464007
113255
328725
582991
288934
201466
517071
680774
561298
654725
175864
195204
306903
110744
402392
290135
268843
279582
40937
68729
532231
227404
29218
540245
642307
116756
685730
571657
210701
636886
143094
10343
160262
285621
38023
329142
486649
688647
28131
465654
595641
336710
187494
535041
64310
659941
644164
595660
225275
292508
383318
269549
471815
490596
387007
25238
185830
334334
621466
600063
471019
188461
93250
634626
243308
535716
655773
593504
414138
267866
591558
152545
82940
188378
532598
213529
369511
271735
687150
372613
588220
148541
469443
93525
79582
192066
682790
410980
471566
374556
566447
543298
570085
127724
483749
333874
393549
538776
229037
20591
680220
449366
450477
565834
547854
512323
626204
172335
633791
565044
453672
168486
86850
218340
618018
599637
161664
665101
114954
330818
113488
378994
171443
552085
468143
46296
35859
557468
666109
379828
104874
222217
120404
121695
582508
576054
689221
428135
296364
570505
9136
390815
86694
251346
231328
588599
214665
353073
147138
356262
504768
624628
294944
643395
689884
525150
21406
589619
1408
586436
267855
326205
649928
595921
54261
144218
298134
117417
502835
506536
322586
522378
591601
105149
371902
510414
672844
401272
247947
317133
76343
378867
617468
11328
477554
370869
512253
578272
406885
339588
3455
234093
394073
416119
614779
554730
78195
629705
359904
52646
171982
656938
478075
102422
222868
33360
225186
106685
228792
363436
132157
607245
46451
45687
189553
179591
401594
627370
315466
600223
363512
633868
129637
163867
682957
623366
672311
595610
510274
546259
146046
690449
87656
206451
276098
351248
270221
543551
399942
311652
125626
434998
187601
603637
94475
640950
71412
285776
619691
132519
377848
349983
617164
407153
581637
584371
662464
490925
686385
624516
337752
45785
463843
182991
303830
117829
601923
183134
435536
392875
523296
561478
659684
339868
156701
148138
106706
458996
525209
